1 1 1.0
22 1 1.0
25 1 1.0
29 1 1.0
35 1 1.0
36 1 1.0
41 1 1.0
44 1 1.0
46 1 1.0
51 1 1.0
52 1 1.0
53 1 1.0
55 1 1.0
60 1 1.0
120 1 1.0
140 1 1.0
142 1 1.0
168 1 1.0
171 1 1.0
220 1 1.0
223 1 1.0
234 1 1.0
250 1 1.0
259 1 1.0
260 1 1.0
278 1 1.0
279 1 1.0
285 1 1.0
293 1 1.0
312 1 1.0
313 1 1.0
328 1 1.0
330 1 1.0
491 1 1.0
530 1 1.0
549 1 1.0
559 1 1.0
112 2 1.0
121 2 1.0
128 2 1.0
179 2 1.0
201 2 1.0
227 2 1.0
232 2 1.0
250 2 1.0
282 2 1.0
286 2 1.0
297 2 1.0
325 2 1.0
349 2 1.0
601 2 1.0
234 3 1.0
268 3 1.0
250 4 1.0
251 4 1.0
366 5 1.0
437 5 1.0
3 6 1.0
21 6 1.0
176 6 1.0
374 6 1.0
570 6 1.0
576 6 1.0
128 7 1.0
268 7 1.0
268 8 1.0
270 8 1.0
272 8 1.0
375 8 1.0
377 8 1.0
378 8 1.0
515 8 1.0
544 8 1.0
568 8 1.0
261 9 1.0
262 9 1.0
265 9 1.0
158 10 1.0
253 10 1.0
509 10 1.0
525 10 1.0
567 11 1.0
2 12 1.0
66 12 1.0
73 12 1.0
195 12 1.0
329 12 1.0
333 12 1.0
364 12 1.0
542 12 1.0
597 12 1.0
641 12 1.0
664 12 1.0
112 13 1.0
221 13 1.0
15 14 1.0
232 14 1.0
336 14 1.0
377 14 1.0
378 14 1.0
517 14 1.0
529 14 1.0
377 15 1.0
378 15 1.0
569 15 1.0
14 16 1.0
24 16 1.0
37 16 1.0
49 16 1.0
50 16 1.0
117 16 1.0
127 16 1.0
162 16 1.0
165 16 1.0
166 16 1.0
167 16 1.0
169 16 1.0
170 16 1.0
205 16 1.0
206 16 1.0
249 16 1.0
257 16 1.0
258 16 1.0
274 16 1.0
288 16 1.0
306 16 1.0
307 16 1.0
308 16 1.0
334 16 1.0
353 16 1.0
367 16 1.0
387 16 1.0
389 16 1.0
415 16 1.0
426 16 1.0
427 16 1.0
436 16 1.0
445 16 1.0
446 16 1.0
461 16 1.0
465 16 1.0
485 16 1.0
486 16 1.0
510 16 1.0
511 16 1.0
512 16 1.0
513 16 1.0
514 16 1.0
532 16 1.0
541 16 1.0
546 16 1.0
565 16 1.0
586 16 1.0
621 16 1.0
650 16 1.0
656 16 1.0
22 17 1.0
207 18 1.0
350 18 1.0
478 19 1.0
547 19 1.0
67 20 1.0
283 20 1.0
335 20 1.0
351 21 1.0
119 22 1.0
15 23 1.0
280 23 1.0
290 23 1.0
304 23 1.0
377 23 1.0
378 23 1.0
529 23 1.0
531 23 1.0
208 24 1.0
642 24 1.0
413 25 1.0
168 26 1.0
643 26 1.0
211 27 1.0
212 27 1.0
213 27 1.0
214 27 1.0
215 27 1.0
289 27 1.0
319 27 1.0
320 27 1.0
337 27 1.0
519 27 1.0
622 27 1.0
385 28 1.0
419 28 1.0
421 28 1.0
439 28 1.0
470 28 1.0
653 28 1.0
17 29 1.0
34 29 1.0
38 29 1.0
40 29 1.0
56 29 1.0
63 29 1.0
65 29 1.0
71 29 1.0
77 29 1.0
129 29 1.0
130 29 1.0
131 29 1.0
132 29 1.0
133 29 1.0
134 29 1.0
135 29 1.0
136 29 1.0
137 29 1.0
190 29 1.0
193 29 1.0
199 29 1.0
240 29 1.0
310 29 1.0
386 29 1.0
414 29 1.0
438 29 1.0
459 29 1.0
460 29 1.0
462 29 1.0
463 29 1.0
464 29 1.0
466 29 1.0
467 29 1.0
468 29 1.0
469 29 1.0
471 29 1.0
472 29 1.0
473 29 1.0
474 29 1.0
475 29 1.0
476 29 1.0
477 29 1.0
479 29 1.0
480 29 1.0
482 29 1.0
483 29 1.0
524 29 1.0
543 29 1.0
616 29 1.0
619 29 1.0
626 29 1.0
636 29 1.0
637 29 1.0
638 29 1.0
651 29 1.0
661 29 1.0
519 30 1.0
520 30 1.0
211 31 1.0
212 31 1.0
213 31 1.0
214 31 1.0
215 31 1.0
320 31 1.0
519 31 1.0
520 31 1.0
202 32 1.0
289 32 1.0
519 32 1.0
520 32 1.0
581 33 1.0
582 33 1.0
91 34 1.0
211 34 1.0
212 34 1.0
213 34 1.0
309 34 1.0
320 34 1.0
519 34 1.0
520 34 1.0
519 35 1.0
520 35 1.0
110 36 1.0
519 37 1.0
520 37 1.0
94 38 1.0
113 38 1.0
168 38 1.0
171 38 1.0
172 38 1.0
175 38 1.0
178 38 1.0
181 38 1.0
338 38 1.0
365 38 1.0
211 39 1.0
212 39 1.0
213 39 1.0
214 39 1.0
215 39 1.0
309 39 1.0
320 39 1.0
519 39 1.0
520 39 1.0
16 40 1.0
97 40 1.0
116 40 1.0
195 40 1.0
384 40 1.0
516 40 1.0
28 41 1.0
82 41 1.0
83 41 1.0
84 41 1.0
85 41 1.0
86 41 1.0
87 41 1.0
88 41 1.0
89 41 1.0
90 41 1.0
91 41 1.0
92 41 1.0
93 41 1.0
94 41 1.0
95 41 1.0
96 41 1.0
97 41 1.0
98 41 1.0
99 41 1.0
100 41 1.0
101 41 1.0
102 41 1.0
103 41 1.0
104 41 1.0
105 41 1.0
106 41 1.0
107 41 1.0
108 41 1.0
109 41 1.0
110 41 1.0
111 41 1.0
146 41 1.0
224 41 1.0
241 41 1.0
252 41 1.0
321 41 1.0
380 41 1.0
392 41 1.0
518 41 1.0
550 41 1.0
635 41 1.0
647 41 1.0
657 41 1.0
211 42 1.0
212 42 1.0
213 42 1.0
214 42 1.0
215 42 1.0
320 42 1.0
519 42 1.0
520 42 1.0
118 43 1.0
118 44 1.0
229 45 1.0
519 46 1.0
520 46 1.0
107 47 1.0
2 48 1.0
519 49 1.0
520 49 1.0
14 50 1.0
24 50 1.0
37 50 1.0
42 50 1.0
50 50 1.0
78 50 1.0
117 50 1.0
144 50 1.0
145 50 1.0
165 50 1.0
166 50 1.0
167 50 1.0
169 50 1.0
170 50 1.0
205 50 1.0
206 50 1.0
249 50 1.0
257 50 1.0
258 50 1.0
288 50 1.0
306 50 1.0
307 50 1.0
308 50 1.0
353 50 1.0
367 50 1.0
387 50 1.0
389 50 1.0
426 50 1.0
427 50 1.0
436 50 1.0
486 50 1.0
510 50 1.0
511 50 1.0
512 50 1.0
513 50 1.0
514 50 1.0
541 50 1.0
546 50 1.0
565 50 1.0
586 50 1.0
621 50 1.0
656 50 1.0
444 51 1.0
519 52 1.0
520 52 1.0
581 53 1.0
582 53 1.0
17 54 1.0
34 54 1.0
38 54 1.0
40 54 1.0
56 54 1.0
63 54 1.0
65 54 1.0
71 54 1.0
77 54 1.0
129 54 1.0
130 54 1.0
131 54 1.0
132 54 1.0
133 54 1.0
134 54 1.0
135 54 1.0
136 54 1.0
137 54 1.0
190 54 1.0
193 54 1.0
199 54 1.0
240 54 1.0
386 54 1.0
459 54 1.0
460 54 1.0
466 54 1.0
467 54 1.0
468 54 1.0
469 54 1.0
471 54 1.0
472 54 1.0
473 54 1.0
474 54 1.0
475 54 1.0
476 54 1.0
477 54 1.0
479 54 1.0
480 54 1.0
482 54 1.0
483 54 1.0
524 54 1.0
543 54 1.0
616 54 1.0
619 54 1.0
626 54 1.0
637 54 1.0
638 54 1.0
651 54 1.0
661 54 1.0
379 55 1.0
581 56 1.0
582 56 1.0
110 57 1.0
109 58 1.0
334 59 1.0
532 59 1.0
115 60 1.0
237 61 1.0
121 62 1.0
447 62 1.0
218 63 1.0
222 63 1.0
236 63 1.0
645 63 1.0
19 64 1.0
32 64 1.0
81 64 1.0
82 64 1.0
93 64 1.0
94 64 1.0
122 64 1.0
123 64 1.0
124 64 1.0
221 64 1.0
319 64 1.0
337 64 1.0
373 64 1.0
519 64 1.0
520 64 1.0
566 64 1.0
622 64 1.0
39 65 1.0
209 65 1.0
302 65 1.0
604 65 1.0
605 65 1.0
606 65 1.0
607 65 1.0
608 65 1.0
609 65 1.0
610 65 1.0
611 65 1.0
612 65 1.0
613 65 1.0
384 66 1.0
237 67 1.0
256 67 1.0
601 68 1.0
28 69 1.0
81 69 1.0
82 69 1.0
83 69 1.0
84 69 1.0
85 69 1.0
86 69 1.0
87 69 1.0
88 69 1.0
89 69 1.0
90 69 1.0
91 69 1.0
92 69 1.0
93 69 1.0
94 69 1.0
95 69 1.0
96 69 1.0
97 69 1.0
98 69 1.0
99 69 1.0
100 69 1.0
101 69 1.0
102 69 1.0
103 69 1.0
104 69 1.0
105 69 1.0
106 69 1.0
107 69 1.0
108 69 1.0
109 69 1.0
110 69 1.0
111 69 1.0
146 69 1.0
224 69 1.0
241 69 1.0
252 69 1.0
321 69 1.0
380 69 1.0
392 69 1.0
518 69 1.0
550 69 1.0
635 69 1.0
647 69 1.0
657 69 1.0
27 70 1.0
233 70 1.0
376 70 1.0
393 70 1.0
395 70 1.0
396 70 1.0
397 70 1.0
398 70 1.0
399 70 1.0
400 70 1.0
401 70 1.0
404 70 1.0
405 70 1.0
406 70 1.0
407 70 1.0
408 70 1.0
409 70 1.0
640 70 1.0
641 70 1.0
27 71 1.0
233 71 1.0
376 71 1.0
393 71 1.0
395 71 1.0
396 71 1.0
397 71 1.0
398 71 1.0
399 71 1.0
400 71 1.0
401 71 1.0
404 71 1.0
405 71 1.0
406 71 1.0
407 71 1.0
408 71 1.0
409 71 1.0
640 71 1.0
641 71 1.0
93 72 1.0
97 72 1.0
115 73 1.0
90 74 1.0
97 74 1.0
164 75 1.0
317 75 1.0
324 75 1.0
325 75 1.0
627 75 1.0
631 75 1.0
93 76 1.0
97 76 1.0
13 77 1.0
318 77 1.0
82 78 1.0
89 78 1.0
93 78 1.0
97 78 1.0
191 78 1.0
118 79 1.0
89 80 1.0
97 80 1.0
309 80 1.0
379 80 1.0
604 81 1.0
605 81 1.0
607 81 1.0
348 82 1.0
93 83 1.0
519 84 1.0
520 84 1.0
237 85 1.0
256 85 1.0
89 86 1.0
91 86 1.0
424 87 1.0
424 88 1.0
424 89 1.0
519 90 1.0
520 90 1.0
125 91 1.0
228 91 1.0
238 91 1.0
255 91 1.0
361 91 1.0
379 91 1.0
382 91 1.0
529 91 1.0
531 91 1.0
551 91 1.0
552 91 1.0
570 91 1.0
632 91 1.0
663 91 1.0
256 92 1.0
39 93 1.0
209 93 1.0
302 93 1.0
604 93 1.0
605 93 1.0
606 93 1.0
607 93 1.0
608 93 1.0
609 93 1.0
610 93 1.0
611 93 1.0
612 93 1.0
613 93 1.0
256 94 1.0
271 95 1.0
115 96 1.0
97 97 1.0
138 98 1.0
27 99 1.0
233 99 1.0
376 99 1.0
393 99 1.0
395 99 1.0
396 99 1.0
397 99 1.0
398 99 1.0
399 99 1.0
400 99 1.0
401 99 1.0
404 99 1.0
405 99 1.0
406 99 1.0
407 99 1.0
408 99 1.0
409 99 1.0
640 99 1.0
641 99 1.0
212 100 1.0
519 100 1.0
520 100 1.0
584 100 1.0
28 101 1.0
81 101 1.0
82 101 1.0
83 101 1.0
84 101 1.0
85 101 1.0
86 101 1.0
87 101 1.0
88 101 1.0
89 101 1.0
90 101 1.0
91 101 1.0
92 101 1.0
93 101 1.0
94 101 1.0
95 101 1.0
96 101 1.0
97 101 1.0
98 101 1.0
99 101 1.0
100 101 1.0
101 101 1.0
102 101 1.0
103 101 1.0
104 101 1.0
105 101 1.0
106 101 1.0
107 101 1.0
108 101 1.0
109 101 1.0
110 101 1.0
111 101 1.0
146 101 1.0
224 101 1.0
241 101 1.0
252 101 1.0
321 101 1.0
380 101 1.0
392 101 1.0
518 101 1.0
550 101 1.0
635 101 1.0
647 101 1.0
657 101 1.0
115 102 1.0
97 103 1.0
256 104 1.0
28 105 1.0
81 105 1.0
82 105 1.0
83 105 1.0
84 105 1.0
85 105 1.0
86 105 1.0
87 105 1.0
88 105 1.0
89 105 1.0
90 105 1.0
91 105 1.0
92 105 1.0
93 105 1.0
94 105 1.0
95 105 1.0
96 105 1.0
97 105 1.0
98 105 1.0
99 105 1.0
100 105 1.0
101 105 1.0
102 105 1.0
103 105 1.0
104 105 1.0
105 105 1.0
106 105 1.0
107 105 1.0
108 105 1.0
109 105 1.0
110 105 1.0
111 105 1.0
146 105 1.0
224 105 1.0
241 105 1.0
252 105 1.0
321 105 1.0
380 105 1.0
392 105 1.0
518 105 1.0
550 105 1.0
635 105 1.0
647 105 1.0
657 105 1.0
256 106 1.0
122 107 1.0
123 107 1.0
124 107 1.0
201 107 1.0
202 107 1.0
337 107 1.0
585 107 1.0
600 107 1.0
28 108 1.0
82 108 1.0
83 108 1.0
84 108 1.0
85 108 1.0
86 108 1.0
87 108 1.0
88 108 1.0
89 108 1.0
90 108 1.0
91 108 1.0
92 108 1.0
93 108 1.0
94 108 1.0
95 108 1.0
96 108 1.0
97 108 1.0
98 108 1.0
99 108 1.0
100 108 1.0
101 108 1.0
102 108 1.0
104 108 1.0
106 108 1.0
107 108 1.0
108 108 1.0
109 108 1.0
110 108 1.0
111 108 1.0
146 108 1.0
224 108 1.0
241 108 1.0
252 108 1.0
276 108 1.0
277 108 1.0
321 108 1.0
380 108 1.0
384 108 1.0
392 108 1.0
518 108 1.0
550 108 1.0
635 108 1.0
647 108 1.0
657 108 1.0
212 109 1.0
89 110 1.0
91 110 1.0
27 111 1.0
31 111 1.0
54 111 1.0
64 111 1.0
198 111 1.0
233 111 1.0
239 111 1.0
264 111 1.0
281 111 1.0
376 111 1.0
381 111 1.0
383 111 1.0
393 111 1.0
395 111 1.0
396 111 1.0
397 111 1.0
398 111 1.0
399 111 1.0
400 111 1.0
401 111 1.0
402 111 1.0
403 111 1.0
404 111 1.0
405 111 1.0
406 111 1.0
407 111 1.0
408 111 1.0
409 111 1.0
411 111 1.0
415 111 1.0
416 111 1.0
417 111 1.0
428 111 1.0
429 111 1.0
430 111 1.0
431 111 1.0
432 111 1.0
433 111 1.0
434 111 1.0
435 111 1.0
487 111 1.0
489 111 1.0
556 111 1.0
557 111 1.0
633 111 1.0
640 111 1.0
641 111 1.0
566 112 1.0
115 113 1.0
62 114 1.0
192 114 1.0
292 114 1.0
415 114 1.0
519 115 1.0
520 115 1.0
97 116 1.0
271 116 1.0
28 117 1.0
81 117 1.0
82 117 1.0
83 117 1.0
84 117 1.0
85 117 1.0
86 117 1.0
87 117 1.0
88 117 1.0
89 117 1.0
90 117 1.0
92 117 1.0
93 117 1.0
94 117 1.0
95 117 1.0
96 117 1.0
97 117 1.0
98 117 1.0
99 117 1.0
100 117 1.0
101 117 1.0
102 117 1.0
103 117 1.0
104 117 1.0
106 117 1.0
107 117 1.0
108 117 1.0
109 117 1.0
110 117 1.0
111 117 1.0
146 117 1.0
224 117 1.0
241 117 1.0
252 117 1.0
321 117 1.0
380 117 1.0
392 117 1.0
518 117 1.0
550 117 1.0
635 117 1.0
647 117 1.0
657 117 1.0
1 118 1.0
45 118 1.0
211 118 1.0
212 118 1.0
213 118 1.0
214 118 1.0
215 118 1.0
289 118 1.0
304 118 1.0
320 118 1.0
660 118 1.0
520 119 1.0
191 120 1.0
519 121 1.0
520 121 1.0
82 122 1.0
93 122 1.0
362 123 1.0
115 124 1.0
519 125 1.0
520 125 1.0
361 126 1.0
334 127 1.0
118 128 1.0
164 129 1.0
623 130 1.0
27 131 1.0
31 131 1.0
54 131 1.0
64 131 1.0
192 131 1.0
198 131 1.0
233 131 1.0
239 131 1.0
264 131 1.0
267 131 1.0
281 131 1.0
291 131 1.0
354 131 1.0
381 131 1.0
383 131 1.0
388 131 1.0
393 131 1.0
395 131 1.0
396 131 1.0
397 131 1.0
398 131 1.0
399 131 1.0
400 131 1.0
401 131 1.0
402 131 1.0
403 131 1.0
404 131 1.0
405 131 1.0
406 131 1.0
408 131 1.0
409 131 1.0
411 131 1.0
415 131 1.0
416 131 1.0
417 131 1.0
428 131 1.0
429 131 1.0
430 131 1.0
431 131 1.0
432 131 1.0
433 131 1.0
434 131 1.0
435 131 1.0
487 131 1.0
489 131 1.0
523 131 1.0
556 131 1.0
557 131 1.0
630 131 1.0
633 131 1.0
640 131 1.0
641 131 1.0
93 132 1.0
97 132 1.0
324 133 1.0
325 133 1.0
211 134 1.0
212 134 1.0
213 134 1.0
214 134 1.0
215 134 1.0
309 134 1.0
320 134 1.0
518 134 1.0
519 134 1.0
520 134 1.0
89 135 1.0
91 135 1.0
191 136 1.0
352 137 1.0
352 138 1.0
39 139 1.0
209 139 1.0
302 139 1.0
604 139 1.0
605 139 1.0
606 139 1.0
607 139 1.0
608 139 1.0
609 139 1.0
610 139 1.0
611 139 1.0
612 139 1.0
613 139 1.0
39 140 1.0
209 140 1.0
302 140 1.0
604 140 1.0
605 140 1.0
606 140 1.0
607 140 1.0
608 140 1.0
609 140 1.0
610 140 1.0
611 140 1.0
612 140 1.0
613 140 1.0
93 141 1.0
97 141 1.0
27 142 1.0
28 142 1.0
31 142 1.0
54 142 1.0
64 142 1.0
81 142 1.0
82 142 1.0
83 142 1.0
84 142 1.0
86 142 1.0
87 142 1.0
88 142 1.0
89 142 1.0
90 142 1.0
91 142 1.0
92 142 1.0
93 142 1.0
94 142 1.0
95 142 1.0
96 142 1.0
97 142 1.0
98 142 1.0
99 142 1.0
100 142 1.0
101 142 1.0
102 142 1.0
103 142 1.0
104 142 1.0
105 142 1.0
106 142 1.0
107 142 1.0
108 142 1.0
109 142 1.0
110 142 1.0
111 142 1.0
146 142 1.0
198 142 1.0
224 142 1.0
233 142 1.0
239 142 1.0
241 142 1.0
252 142 1.0
264 142 1.0
281 142 1.0
321 142 1.0
345 142 1.0
380 142 1.0
381 142 1.0
383 142 1.0
392 142 1.0
393 142 1.0
395 142 1.0
396 142 1.0
397 142 1.0
398 142 1.0
399 142 1.0
400 142 1.0
401 142 1.0
402 142 1.0
403 142 1.0
404 142 1.0
405 142 1.0
406 142 1.0
408 142 1.0
409 142 1.0
411 142 1.0
415 142 1.0
416 142 1.0
417 142 1.0
428 142 1.0
429 142 1.0
430 142 1.0
431 142 1.0
432 142 1.0
433 142 1.0
434 142 1.0
435 142 1.0
487 142 1.0
489 142 1.0
518 142 1.0
550 142 1.0
556 142 1.0
557 142 1.0
633 142 1.0
635 142 1.0
640 142 1.0
641 142 1.0
647 142 1.0
657 142 1.0
379 143 1.0
89 144 1.0
125 145 1.0
89 146 1.0
605 147 1.0
607 147 1.0
39 148 1.0
209 148 1.0
302 148 1.0
604 148 1.0
605 148 1.0
606 148 1.0
607 148 1.0
608 148 1.0
609 148 1.0
610 148 1.0
611 148 1.0
612 148 1.0
613 148 1.0
28 149 1.0
81 149 1.0
82 149 1.0
83 149 1.0
84 149 1.0
85 149 1.0
86 149 1.0
87 149 1.0
88 149 1.0
89 149 1.0
90 149 1.0
91 149 1.0
92 149 1.0
93 149 1.0
95 149 1.0
96 149 1.0
97 149 1.0
98 149 1.0
99 149 1.0
100 149 1.0
101 149 1.0
102 149 1.0
103 149 1.0
104 149 1.0
105 149 1.0
106 149 1.0
107 149 1.0
108 149 1.0
109 149 1.0
110 149 1.0
111 149 1.0
146 149 1.0
224 149 1.0
231 149 1.0
241 149 1.0
252 149 1.0
321 149 1.0
380 149 1.0
391 149 1.0
392 149 1.0
518 149 1.0
550 149 1.0
635 149 1.0
647 149 1.0
657 149 1.0
94 150 1.0
231 150 1.0
391 150 1.0
94 151 1.0
231 151 1.0
391 151 1.0
231 152 1.0
391 152 1.0
231 153 1.0
391 153 1.0
94 154 1.0
231 154 1.0
391 154 1.0
379 155 1.0
97 156 1.0
164 157 1.0
122 158 1.0
123 158 1.0
124 158 1.0
319 158 1.0
337 158 1.0
585 158 1.0
600 158 1.0
622 158 1.0
82 159 1.0
93 159 1.0
97 159 1.0
519 160 1.0
520 160 1.0
91 161 1.0
519 161 1.0
520 161 1.0
519 162 1.0
520 162 1.0
81 163 1.0
82 163 1.0
28 164 1.0
81 164 1.0
82 164 1.0
83 164 1.0
84 164 1.0
85 164 1.0
86 164 1.0
87 164 1.0
88 164 1.0
89 164 1.0
90 164 1.0
91 164 1.0
92 164 1.0
93 164 1.0
94 164 1.0
95 164 1.0
96 164 1.0
97 164 1.0
98 164 1.0
99 164 1.0
100 164 1.0
101 164 1.0
102 164 1.0
103 164 1.0
104 164 1.0
105 164 1.0
106 164 1.0
107 164 1.0
109 164 1.0
110 164 1.0
111 164 1.0
146 164 1.0
224 164 1.0
241 164 1.0
252 164 1.0
321 164 1.0
380 164 1.0
392 164 1.0
518 164 1.0
550 164 1.0
635 164 1.0
647 164 1.0
657 164 1.0
19 165 1.0
32 165 1.0
122 165 1.0
123 165 1.0
124 165 1.0
221 165 1.0
243 165 1.0
244 165 1.0
245 165 1.0
246 165 1.0
247 165 1.0
248 165 1.0
319 165 1.0
337 165 1.0
373 165 1.0
622 165 1.0
574 166 1.0
79 167 1.0
128 167 1.0
578 167 1.0
579 167 1.0
589 167 1.0
598 167 1.0
599 167 1.0
91 168 1.0
90 169 1.0
115 170 1.0
115 171 1.0
115 172 1.0
115 173 1.0
115 174 1.0
218 175 1.0
222 175 1.0
236 175 1.0
645 175 1.0
352 176 1.0
604 177 1.0
605 177 1.0
607 177 1.0
604 178 1.0
605 178 1.0
607 178 1.0
39 179 1.0
209 179 1.0
302 179 1.0
604 179 1.0
605 179 1.0
606 179 1.0
607 179 1.0
608 179 1.0
609 179 1.0
610 179 1.0
611 179 1.0
612 179 1.0
613 179 1.0
39 180 1.0
209 180 1.0
302 180 1.0
604 180 1.0
605 180 1.0
606 180 1.0
607 180 1.0
608 180 1.0
609 180 1.0
610 180 1.0
611 180 1.0
612 180 1.0
613 180 1.0
348 181 1.0
604 181 1.0
605 181 1.0
607 181 1.0
39 182 1.0
209 182 1.0
302 182 1.0
604 182 1.0
605 182 1.0
606 182 1.0
607 182 1.0
608 182 1.0
609 182 1.0
610 182 1.0
611 182 1.0
612 182 1.0
613 182 1.0
348 183 1.0
604 183 1.0
605 183 1.0
607 183 1.0
348 184 1.0
604 184 1.0
605 184 1.0
607 184 1.0
334 185 1.0
532 185 1.0
334 186 1.0
532 186 1.0
27 187 1.0
233 187 1.0
393 187 1.0
395 187 1.0
396 187 1.0
397 187 1.0
398 187 1.0
399 187 1.0
400 187 1.0
401 187 1.0
404 187 1.0
405 187 1.0
406 187 1.0
408 187 1.0
640 187 1.0
604 188 1.0
605 188 1.0
604 189 1.0
191 190 1.0
343 190 1.0
164 191 1.0
532 191 1.0
119 192 1.0
292 193 1.0
293 193 1.0
189 194 1.0
576 195 1.0
81 196 1.0
82 196 1.0
85 196 1.0
94 196 1.0
61 197 1.0
324 198 1.0
325 198 1.0
61 199 1.0
334 200 1.0
532 200 1.0
519 201 1.0
520 201 1.0
519 202 1.0
520 202 1.0
324 203 1.0
325 203 1.0
519 204 1.0
520 204 1.0
363 205 1.0
89 206 1.0
91 206 1.0
237 207 1.0
237 208 1.0
271 209 1.0
271 210 1.0
271 211 1.0
271 212 1.0
26 213 1.0
57 213 1.0
346 213 1.0
347 213 1.0
26 214 1.0
57 214 1.0
346 214 1.0
347 214 1.0
519 215 1.0
520 215 1.0
519 216 1.0
520 216 1.0
324 217 1.0
81 218 1.0
82 218 1.0
83 218 1.0
84 218 1.0
85 218 1.0
86 218 1.0
87 218 1.0
88 218 1.0
89 218 1.0
90 218 1.0
91 218 1.0
92 218 1.0
93 218 1.0
94 218 1.0
95 218 1.0
96 218 1.0
97 218 1.0
98 218 1.0
100 218 1.0
107 218 1.0
146 218 1.0
224 218 1.0
252 218 1.0
550 218 1.0
107 219 1.0
81 220 1.0
82 220 1.0
83 220 1.0
84 220 1.0
85 220 1.0
86 220 1.0
87 220 1.0
88 220 1.0
89 220 1.0
90 220 1.0
91 220 1.0
92 220 1.0
93 220 1.0
94 220 1.0
95 220 1.0
96 220 1.0
97 220 1.0
98 220 1.0
100 220 1.0
107 220 1.0
146 220 1.0
224 220 1.0
252 220 1.0
550 220 1.0
447 221 1.0
519 222 1.0
520 222 1.0
519 223 1.0
520 223 1.0
519 224 1.0
520 224 1.0
334 225 1.0
334 226 1.0
334 227 1.0
334 228 1.0
273 229 1.0
341 229 1.0
342 229 1.0
344 229 1.0
47 230 1.0
580 230 1.0
583 230 1.0
644 230 1.0
589 231 1.0
115 232 1.0
28 233 1.0
81 233 1.0
82 233 1.0
83 233 1.0
84 233 1.0
85 233 1.0
86 233 1.0
87 233 1.0
88 233 1.0
89 233 1.0
90 233 1.0
91 233 1.0
92 233 1.0
93 233 1.0
94 233 1.0
95 233 1.0
96 233 1.0
97 233 1.0
98 233 1.0
99 233 1.0
100 233 1.0
101 233 1.0
102 233 1.0
103 233 1.0
104 233 1.0
105 233 1.0
106 233 1.0
107 233 1.0
108 233 1.0
109 233 1.0
110 233 1.0
111 233 1.0
146 233 1.0
224 233 1.0
241 233 1.0
252 233 1.0
321 233 1.0
380 233 1.0
392 233 1.0
518 233 1.0
550 233 1.0
635 233 1.0
647 233 1.0
657 233 1.0
324 234 1.0
325 234 1.0
532 235 1.0
115 236 1.0
519 237 1.0
520 237 1.0
27 238 1.0
233 238 1.0
376 238 1.0
393 238 1.0
395 238 1.0
396 238 1.0
397 238 1.0
398 238 1.0
399 238 1.0
400 238 1.0
401 238 1.0
404 238 1.0
405 238 1.0
406 238 1.0
407 238 1.0
408 238 1.0
409 238 1.0
640 238 1.0
641 238 1.0
427 239 1.0
436 239 1.0
93 240 1.0
275 241 1.0
519 242 1.0
520 242 1.0
39 243 1.0
209 243 1.0
302 243 1.0
604 243 1.0
605 243 1.0
606 243 1.0
607 243 1.0
608 243 1.0
609 243 1.0
610 243 1.0
611 243 1.0
612 243 1.0
613 243 1.0
27 244 1.0
233 244 1.0
376 244 1.0
393 244 1.0
395 244 1.0
396 244 1.0
397 244 1.0
398 244 1.0
399 244 1.0
400 244 1.0
401 244 1.0
404 244 1.0
405 244 1.0
406 244 1.0
407 244 1.0
408 244 1.0
409 244 1.0
640 244 1.0
641 244 1.0
589 245 1.0
20 246 1.0
43 246 1.0
48 246 1.0
58 246 1.0
139 246 1.0
162 246 1.0
219 246 1.0
225 246 1.0
266 246 1.0
269 246 1.0
315 246 1.0
316 246 1.0
318 246 1.0
334 246 1.0
369 246 1.0
370 246 1.0
371 246 1.0
372 246 1.0
394 246 1.0
422 246 1.0
423 246 1.0
424 246 1.0
425 246 1.0
440 246 1.0
441 246 1.0
442 246 1.0
532 246 1.0
548 246 1.0
560 246 1.0
589 246 1.0
618 246 1.0
620 246 1.0
624 246 1.0
625 246 1.0
634 246 1.0
654 246 1.0
658 246 1.0
334 247 1.0
348 248 1.0
604 249 1.0
605 249 1.0
607 249 1.0
581 250 1.0
582 250 1.0
581 251 1.0
582 251 1.0
23 252 1.0
33 252 1.0
448 252 1.0
449 252 1.0
450 252 1.0
451 252 1.0
452 252 1.0
453 252 1.0
454 252 1.0
455 252 1.0
456 252 1.0
457 252 1.0
592 252 1.0
593 252 1.0
594 252 1.0
595 252 1.0
596 252 1.0
617 252 1.0
519 253 1.0
520 253 1.0
211 254 1.0
212 254 1.0
213 254 1.0
214 254 1.0
215 254 1.0
233 254 1.0
320 254 1.0
407 254 1.0
42 255 1.0
78 255 1.0
236 255 1.0
440 255 1.0
214 256 1.0
519 256 1.0
520 256 1.0
424 257 1.0
351 258 1.0
519 259 1.0
520 259 1.0
81 260 1.0
82 260 1.0
83 260 1.0
84 260 1.0
85 260 1.0
86 260 1.0
87 260 1.0
88 260 1.0
89 260 1.0
90 260 1.0
91 260 1.0
92 260 1.0
93 260 1.0
94 260 1.0
95 260 1.0
96 260 1.0
97 260 1.0
98 260 1.0
100 260 1.0
107 260 1.0
146 260 1.0
224 260 1.0
252 260 1.0
550 260 1.0
47 261 1.0
580 261 1.0
583 261 1.0
644 261 1.0
6 262 1.0
18 262 1.0
59 262 1.0
75 262 1.0
76 262 1.0
141 262 1.0
143 262 1.0
147 262 1.0
148 262 1.0
149 262 1.0
150 262 1.0
151 262 1.0
152 262 1.0
153 262 1.0
154 262 1.0
155 262 1.0
156 262 1.0
157 262 1.0
159 262 1.0
160 262 1.0
161 262 1.0
174 262 1.0
182 262 1.0
183 262 1.0
185 262 1.0
186 262 1.0
187 262 1.0
188 262 1.0
196 262 1.0
197 262 1.0
200 262 1.0
210 262 1.0
216 262 1.0
217 262 1.0
242 262 1.0
254 262 1.0
263 262 1.0
284 262 1.0
294 262 1.0
295 262 1.0
296 262 1.0
298 262 1.0
299 262 1.0
300 262 1.0
303 262 1.0
305 262 1.0
311 262 1.0
322 262 1.0
323 262 1.0
327 262 1.0
331 262 1.0
340 262 1.0
343 262 1.0
355 262 1.0
356 262 1.0
357 262 1.0
358 262 1.0
359 262 1.0
360 262 1.0
410 262 1.0
412 262 1.0
481 262 1.0
490 262 1.0
503 262 1.0
504 262 1.0
505 262 1.0
506 262 1.0
507 262 1.0
521 262 1.0
522 262 1.0
534 262 1.0
535 262 1.0
536 262 1.0
539 262 1.0
545 262 1.0
553 262 1.0
554 262 1.0
555 262 1.0
562 262 1.0
564 262 1.0
571 262 1.0
572 262 1.0
573 262 1.0
575 262 1.0
577 262 1.0
587 262 1.0
588 262 1.0
591 262 1.0
602 262 1.0
603 262 1.0
614 262 1.0
646 262 1.0
648 262 1.0
649 262 1.0
652 262 1.0
655 262 1.0
519 263 1.0
520 263 1.0
519 264 1.0
520 264 1.0
519 265 1.0
520 265 1.0
115 266 1.0
519 267 1.0
520 267 1.0
519 268 1.0
520 268 1.0
519 269 1.0
520 269 1.0
218 270 1.0
222 270 1.0
645 270 1.0
115 271 1.0
195 272 1.0
27 273 1.0
233 273 1.0
376 273 1.0
393 273 1.0
395 273 1.0
396 273 1.0
397 273 1.0
398 273 1.0
399 273 1.0
400 273 1.0
401 273 1.0
404 273 1.0
405 273 1.0
406 273 1.0
407 273 1.0
408 273 1.0
409 273 1.0
640 273 1.0
641 273 1.0
27 274 1.0
233 274 1.0
376 274 1.0
393 274 1.0
395 274 1.0
396 274 1.0
397 274 1.0
398 274 1.0
399 274 1.0
400 274 1.0
401 274 1.0
404 274 1.0
405 274 1.0
406 274 1.0
407 274 1.0
408 274 1.0
409 274 1.0
640 274 1.0
641 274 1.0
519 275 1.0
520 275 1.0
27 276 1.0
233 276 1.0
376 276 1.0
393 276 1.0
395 276 1.0
396 276 1.0
397 276 1.0
398 276 1.0
399 276 1.0
400 276 1.0
401 276 1.0
404 276 1.0
405 276 1.0
406 276 1.0
407 276 1.0
408 276 1.0
409 276 1.0
640 276 1.0
641 276 1.0
195 277 1.0
519 278 1.0
520 278 1.0
581 279 1.0
582 279 1.0
519 280 1.0
520 280 1.0
519 281 1.0
520 281 1.0
519 282 1.0
520 282 1.0
424 283 1.0
163 284 1.0
74 285 1.0
184 285 1.0
493 285 1.0
494 285 1.0
495 285 1.0
496 285 1.0
497 285 1.0
498 285 1.0
499 285 1.0
500 285 1.0
501 285 1.0
502 285 1.0
540 285 1.0
195 286 1.0
167 287 1.0
271 288 1.0
519 289 1.0
520 289 1.0
581 290 1.0
582 290 1.0
324 291 1.0
325 291 1.0
115 292 1.0
443 293 1.0
537 293 1.0
47 294 1.0
580 294 1.0
581 294 1.0
582 294 1.0
583 294 1.0
644 294 1.0
271 295 1.0
145 296 1.0
558 297 1.0
628 297 1.0
177 298 1.0
97 299 1.0
519 300 1.0
520 300 1.0
18 301 1.0
75 301 1.0
141 301 1.0
143 301 1.0
147 301 1.0
148 301 1.0
149 301 1.0
150 301 1.0
151 301 1.0
152 301 1.0
153 301 1.0
154 301 1.0
155 301 1.0
156 301 1.0
157 301 1.0
159 301 1.0
160 301 1.0
161 301 1.0
185 301 1.0
186 301 1.0
187 301 1.0
188 301 1.0
196 301 1.0
197 301 1.0
200 301 1.0
210 301 1.0
242 301 1.0
284 301 1.0
294 301 1.0
295 301 1.0
303 301 1.0
305 301 1.0
322 301 1.0
331 301 1.0
340 301 1.0
343 301 1.0
355 301 1.0
356 301 1.0
357 301 1.0
358 301 1.0
359 301 1.0
360 301 1.0
410 301 1.0
412 301 1.0
490 301 1.0
522 301 1.0
534 301 1.0
535 301 1.0
539 301 1.0
573 301 1.0
577 301 1.0
591 301 1.0
614 301 1.0
164 302 1.0
362 303 1.0
27 304 1.0
233 304 1.0
376 304 1.0
393 304 1.0
395 304 1.0
396 304 1.0
397 304 1.0
398 304 1.0
399 304 1.0
400 304 1.0
401 304 1.0
404 304 1.0
405 304 1.0
406 304 1.0
407 304 1.0
408 304 1.0
409 304 1.0
640 304 1.0
641 304 1.0
27 305 1.0
233 305 1.0
376 305 1.0
393 305 1.0
395 305 1.0
396 305 1.0
397 305 1.0
398 305 1.0
399 305 1.0
400 305 1.0
401 305 1.0
404 305 1.0
405 305 1.0
406 305 1.0
407 305 1.0
408 305 1.0
409 305 1.0
640 305 1.0
641 305 1.0
27 306 1.0
233 306 1.0
376 306 1.0
393 306 1.0
395 306 1.0
396 306 1.0
397 306 1.0
398 306 1.0
399 306 1.0
400 306 1.0
401 306 1.0
404 306 1.0
405 306 1.0
406 306 1.0
407 306 1.0
408 306 1.0
409 306 1.0
640 306 1.0
641 306 1.0
334 307 1.0
519 308 1.0
520 308 1.0
118 309 1.0
581 310 1.0
582 310 1.0
47 311 1.0
580 311 1.0
583 311 1.0
644 311 1.0
334 312 1.0
68 313 1.0
69 313 1.0
70 313 1.0
458 313 1.0
334 314 1.0
532 314 1.0
126 315 1.0
581 316 1.0
582 316 1.0
27 317 1.0
233 317 1.0
376 317 1.0
393 317 1.0
395 317 1.0
396 317 1.0
397 317 1.0
398 317 1.0
399 317 1.0
400 317 1.0
401 317 1.0
404 317 1.0
405 317 1.0
406 317 1.0
407 317 1.0
408 317 1.0
409 317 1.0
640 317 1.0
641 317 1.0
271 318 1.0
574 319 1.0
424 320 1.0
519 321 1.0
520 321 1.0
301 322 1.0
330 323 1.0
226 324 1.0
581 325 1.0
582 325 1.0
16 326 1.0
195 326 1.0
195 327 1.0
581 328 1.0
582 328 1.0
30 329 1.0
164 329 1.0
165 329 1.0
166 329 1.0
167 329 1.0
229 329 1.0
508 329 1.0
615 329 1.0
519 330 1.0
520 330 1.0
93 331 1.0
519 332 1.0
520 332 1.0
519 333 1.0
520 333 1.0
58 334 1.0
90 334 1.0
97 334 1.0
604 334 1.0
114 335 1.0
418 335 1.0
537 335 1.0
589 335 1.0
561 336 1.0
334 337 1.0
604 338 1.0
81 339 1.0
82 339 1.0
83 339 1.0
84 339 1.0
85 339 1.0
86 339 1.0
87 339 1.0
88 339 1.0
89 339 1.0
90 339 1.0
91 339 1.0
92 339 1.0
93 339 1.0
94 339 1.0
95 339 1.0
96 339 1.0
97 339 1.0
98 339 1.0
100 339 1.0
107 339 1.0
146 339 1.0
224 339 1.0
252 339 1.0
550 339 1.0
118 340 1.0
111 341 1.0
334 342 1.0
324 343 1.0
325 343 1.0
324 344 1.0
325 344 1.0
324 345 1.0
325 345 1.0
324 346 1.0
325 346 1.0
324 347 1.0
325 347 1.0
324 348 1.0
325 348 1.0
368 349 1.0
324 350 1.0
325 350 1.0
324 351 1.0
325 351 1.0
324 352 1.0
325 352 1.0
27 353 1.0
233 353 1.0
376 353 1.0
393 353 1.0
395 353 1.0
396 353 1.0
397 353 1.0
398 353 1.0
399 353 1.0
400 353 1.0
401 353 1.0
404 353 1.0
405 353 1.0
406 353 1.0
407 353 1.0
408 353 1.0
409 353 1.0
640 353 1.0
641 353 1.0
93 354 1.0
581 355 1.0
582 355 1.0
519 356 1.0
520 356 1.0
334 357 1.0
532 357 1.0
27 358 1.0
233 358 1.0
376 358 1.0
393 358 1.0
395 358 1.0
396 358 1.0
397 358 1.0
398 358 1.0
399 358 1.0
400 358 1.0
401 358 1.0
404 358 1.0
405 358 1.0
406 358 1.0
407 358 1.0
408 358 1.0
409 358 1.0
640 358 1.0
641 358 1.0
47 359 1.0
580 359 1.0
581 359 1.0
582 359 1.0
583 359 1.0
644 359 1.0
22 360 1.0
62 360 1.0
173 360 1.0
230 360 1.0
287 360 1.0
488 360 1.0
492 360 1.0
526 360 1.0
527 360 1.0
528 360 1.0
629 360 1.0
195 361 1.0
4 362 1.0
5 362 1.0
7 362 1.0
8 362 1.0
9 362 1.0
10 362 1.0
11 362 1.0
12 362 1.0
194 362 1.0
332 362 1.0
639 362 1.0
662 362 1.0
558 363 1.0
628 363 1.0
563 364 1.0
590 364 1.0
115 365 1.0
74 366 1.0
184 366 1.0
493 366 1.0
494 366 1.0
495 366 1.0
496 366 1.0
497 366 1.0
498 366 1.0
499 366 1.0
500 366 1.0
501 366 1.0
502 366 1.0
540 366 1.0
533 367 1.0
27 368 1.0
233 368 1.0
376 368 1.0
393 368 1.0
395 368 1.0
396 368 1.0
397 368 1.0
398 368 1.0
399 368 1.0
400 368 1.0
401 368 1.0
404 368 1.0
405 368 1.0
406 368 1.0
407 368 1.0
408 368 1.0
409 368 1.0
640 368 1.0
641 368 1.0
18 369 1.0
75 369 1.0
141 369 1.0
143 369 1.0
147 369 1.0
148 369 1.0
149 369 1.0
150 369 1.0
151 369 1.0
152 369 1.0
153 369 1.0
154 369 1.0
155 369 1.0
156 369 1.0
157 369 1.0
159 369 1.0
160 369 1.0
161 369 1.0
185 369 1.0
186 369 1.0
187 369 1.0
188 369 1.0
196 369 1.0
197 369 1.0
200 369 1.0
210 369 1.0
242 369 1.0
284 369 1.0
294 369 1.0
295 369 1.0
303 369 1.0
305 369 1.0
322 369 1.0
331 369 1.0
340 369 1.0
343 369 1.0
355 369 1.0
356 369 1.0
357 369 1.0
358 369 1.0
359 369 1.0
360 369 1.0
410 369 1.0
412 369 1.0
490 369 1.0
522 369 1.0
534 369 1.0
535 369 1.0
539 369 1.0
573 369 1.0
577 369 1.0
591 369 1.0
614 369 1.0
18 370 1.0
75 370 1.0
141 370 1.0
143 370 1.0
147 370 1.0
148 370 1.0
149 370 1.0
150 370 1.0
151 370 1.0
152 370 1.0
153 370 1.0
154 370 1.0
155 370 1.0
156 370 1.0
157 370 1.0
159 370 1.0
160 370 1.0
161 370 1.0
185 370 1.0
186 370 1.0
187 370 1.0
188 370 1.0
196 370 1.0
197 370 1.0
200 370 1.0
210 370 1.0
242 370 1.0
284 370 1.0
294 370 1.0
295 370 1.0
303 370 1.0
305 370 1.0
322 370 1.0
331 370 1.0
340 370 1.0
343 370 1.0
355 370 1.0
356 370 1.0
357 370 1.0
358 370 1.0
359 370 1.0
360 370 1.0
410 370 1.0
412 370 1.0
490 370 1.0
522 370 1.0
534 370 1.0
535 370 1.0
539 370 1.0
573 370 1.0
577 370 1.0
591 370 1.0
614 370 1.0
27 371 1.0
233 371 1.0
376 371 1.0
393 371 1.0
395 371 1.0
396 371 1.0
397 371 1.0
398 371 1.0
399 371 1.0
400 371 1.0
401 371 1.0
404 371 1.0
405 371 1.0
406 371 1.0
407 371 1.0
408 371 1.0
409 371 1.0
640 371 1.0
641 371 1.0
18 372 1.0
75 372 1.0
141 372 1.0
143 372 1.0
147 372 1.0
148 372 1.0
149 372 1.0
150 372 1.0
151 372 1.0
152 372 1.0
153 372 1.0
154 372 1.0
155 372 1.0
156 372 1.0
157 372 1.0
159 372 1.0
160 372 1.0
161 372 1.0
185 372 1.0
186 372 1.0
187 372 1.0
188 372 1.0
196 372 1.0
197 372 1.0
200 372 1.0
210 372 1.0
242 372 1.0
284 372 1.0
294 372 1.0
295 372 1.0
303 372 1.0
305 372 1.0
322 372 1.0
331 372 1.0
340 372 1.0
343 372 1.0
355 372 1.0
356 372 1.0
357 372 1.0
358 372 1.0
359 372 1.0
360 372 1.0
410 372 1.0
412 372 1.0
490 372 1.0
522 372 1.0
534 372 1.0
535 372 1.0
539 372 1.0
573 372 1.0
577 372 1.0
591 372 1.0
614 372 1.0
85 373 1.0
87 373 1.0
202 373 1.0
218 374 1.0
222 374 1.0
645 374 1.0
115 375 1.0
271 376 1.0
271 377 1.0
19 378 1.0
28 378 1.0
32 378 1.0
80 378 1.0
81 378 1.0
82 378 1.0
83 378 1.0
84 378 1.0
85 378 1.0
86 378 1.0
87 378 1.0
88 378 1.0
89 378 1.0
90 378 1.0
91 378 1.0
92 378 1.0
93 378 1.0
94 378 1.0
95 378 1.0
96 378 1.0
97 378 1.0
98 378 1.0
100 378 1.0
101 378 1.0
102 378 1.0
103 378 1.0
104 378 1.0
105 378 1.0
106 378 1.0
107 378 1.0
108 378 1.0
109 378 1.0
110 378 1.0
111 378 1.0
122 378 1.0
123 378 1.0
124 378 1.0
146 378 1.0
180 378 1.0
221 378 1.0
224 378 1.0
241 378 1.0
252 378 1.0
319 378 1.0
321 378 1.0
368 378 1.0
373 378 1.0
420 378 1.0
518 378 1.0
537 378 1.0
538 378 1.0
550 378 1.0
622 378 1.0
635 378 1.0
647 378 1.0
519 379 1.0
520 379 1.0
519 380 1.0
520 380 1.0
519 381 1.0
520 381 1.0
519 382 1.0
520 382 1.0
519 383 1.0
520 383 1.0
519 384 1.0
520 384 1.0
203 385 1.0
204 385 1.0
164 386 1.0
164 387 1.0
324 388 1.0
325 388 1.0
324 389 1.0
325 389 1.0
558 390 1.0
628 390 1.0
558 391 1.0
628 391 1.0
74 392 1.0
184 392 1.0
493 392 1.0
494 392 1.0
495 392 1.0
496 392 1.0
497 392 1.0
498 392 1.0
499 392 1.0
500 392 1.0
501 392 1.0
502 392 1.0
540 392 1.0
533 393 1.0
533 394 1.0
533 395 1.0
533 396 1.0
334 397 1.0
115 398 1.0
115 399 1.0
115 400 1.0
115 401 1.0
115 402 1.0
115 403 1.0
115 404 1.0
115 405 1.0
115 406 1.0
115 407 1.0
115 408 1.0
115 409 1.0
115 410 1.0
81 411 1.0
82 411 1.0
83 411 1.0
84 411 1.0
85 411 1.0
86 411 1.0
87 411 1.0
88 411 1.0
89 411 1.0
90 411 1.0
91 411 1.0
92 411 1.0
93 411 1.0
94 411 1.0
95 411 1.0
96 411 1.0
97 411 1.0
98 411 1.0
100 411 1.0
107 411 1.0
146 411 1.0
224 411 1.0
252 411 1.0
550 411 1.0
81 412 1.0
82 412 1.0
83 412 1.0
84 412 1.0
85 412 1.0
86 412 1.0
87 412 1.0
88 412 1.0
89 412 1.0
90 412 1.0
91 412 1.0
92 412 1.0
93 412 1.0
94 412 1.0
95 412 1.0
96 412 1.0
97 412 1.0
98 412 1.0
100 412 1.0
106 412 1.0
107 412 1.0
146 412 1.0
224 412 1.0
252 412 1.0
550 412 1.0
81 413 1.0
82 413 1.0
83 413 1.0
84 413 1.0
85 413 1.0
86 413 1.0
87 413 1.0
88 413 1.0
89 413 1.0
90 413 1.0
91 413 1.0
92 413 1.0
93 413 1.0
94 413 1.0
95 413 1.0
96 413 1.0
97 413 1.0
98 413 1.0
100 413 1.0
106 413 1.0
107 413 1.0
146 413 1.0
224 413 1.0
252 413 1.0
550 413 1.0
113 414 1.0
145 415 1.0
72 416 1.0
121 416 1.0
235 416 1.0
349 416 1.0
390 416 1.0
615 416 1.0
659 416 1.0
195 417 1.0
195 418 1.0
195 419 1.0
195 420 1.0
271 421 1.0
334 422 1.0
532 422 1.0
334 423 1.0
334 424 1.0
589 425 1.0
26 426 1.0
57 426 1.0
346 426 1.0
347 426 1.0
39 427 1.0
209 427 1.0
302 427 1.0
604 427 1.0
605 427 1.0
606 427 1.0
607 427 1.0
608 427 1.0
609 427 1.0
610 427 1.0
611 427 1.0
612 427 1.0
613 427 1.0
212 428 1.0
581 429 1.0
582 429 1.0
18 430 1.0
75 430 1.0
141 430 1.0
143 430 1.0
147 430 1.0
148 430 1.0
149 430 1.0
150 430 1.0
151 430 1.0
152 430 1.0
153 430 1.0
154 430 1.0
155 430 1.0
156 430 1.0
157 430 1.0
159 430 1.0
160 430 1.0
161 430 1.0
185 430 1.0
186 430 1.0
187 430 1.0
188 430 1.0
196 430 1.0
197 430 1.0
200 430 1.0
210 430 1.0
242 430 1.0
284 430 1.0
294 430 1.0
295 430 1.0
303 430 1.0
305 430 1.0
322 430 1.0
331 430 1.0
340 430 1.0
343 430 1.0
355 430 1.0
356 430 1.0
357 430 1.0
358 430 1.0
359 430 1.0
360 430 1.0
410 430 1.0
412 430 1.0
490 430 1.0
522 430 1.0
534 430 1.0
535 430 1.0
539 430 1.0
573 430 1.0
577 430 1.0
591 430 1.0
614 430 1.0
18 431 1.0
75 431 1.0
141 431 1.0
143 431 1.0
147 431 1.0
148 431 1.0
149 431 1.0
150 431 1.0
151 431 1.0
152 431 1.0
153 431 1.0
154 431 1.0
155 431 1.0
156 431 1.0
157 431 1.0
159 431 1.0
160 431 1.0
161 431 1.0
185 431 1.0
186 431 1.0
187 431 1.0
188 431 1.0
196 431 1.0
197 431 1.0
200 431 1.0
210 431 1.0
242 431 1.0
284 431 1.0
294 431 1.0
295 431 1.0
303 431 1.0
305 431 1.0
322 431 1.0
331 431 1.0
340 431 1.0
343 431 1.0
355 431 1.0
356 431 1.0
357 431 1.0
358 431 1.0
359 431 1.0
360 431 1.0
410 431 1.0
412 431 1.0
490 431 1.0
522 431 1.0
534 431 1.0
535 431 1.0
539 431 1.0
573 431 1.0
577 431 1.0
591 431 1.0
614 431 1.0
18 432 1.0
75 432 1.0
141 432 1.0
143 432 1.0
147 432 1.0
148 432 1.0
149 432 1.0
150 432 1.0
151 432 1.0
152 432 1.0
153 432 1.0
154 432 1.0
155 432 1.0
156 432 1.0
157 432 1.0
159 432 1.0
160 432 1.0
161 432 1.0
185 432 1.0
186 432 1.0
187 432 1.0
188 432 1.0
196 432 1.0
197 432 1.0
200 432 1.0
210 432 1.0
242 432 1.0
284 432 1.0
294 432 1.0
295 432 1.0
303 432 1.0
305 432 1.0
322 432 1.0
331 432 1.0
340 432 1.0
343 432 1.0
355 432 1.0
356 432 1.0
357 432 1.0
358 432 1.0
359 432 1.0
360 432 1.0
410 432 1.0
412 432 1.0
490 432 1.0
522 432 1.0
534 432 1.0
535 432 1.0
539 432 1.0
573 432 1.0
577 432 1.0
591 432 1.0
614 432 1.0
20 433 1.0
314 433 1.0
315 433 1.0
440 433 1.0
441 433 1.0
442 433 1.0
618 433 1.0
634 433 1.0
654 433 1.0
167 434 1.0
47 435 1.0
580 435 1.0
583 435 1.0
644 435 1.0
324 436 1.0
325 436 1.0
589 437 1.0
334 438 1.0
294 439 1.0
295 439 1.0
326 440 1.0
339 440 1.0
341 440 1.0
342 440 1.0
90 441 1.0
484 441 1.0
89 442 1.0
91 442 1.0
97 442 1.0
348 442 1.0
256 443 1.0
325 444 1.0
118 445 1.0
664 445 0.0
